133.0, 92.0, 134.0, 91.0, 0x000000ff
135.0, 91.0, 132.0, 96.0, 0x000000ff
133.0, 96.0, 134.0, 95.0, 0x000000ff
133.0, 97.0, 134.0, 96.0, 0x000000ff
133.0, 98.0, 134.0, 97.0, 0x000000ff
133.0, 99.0, 134.0, 98.0, 0x000000ff
133.0, 100.0, 134.0, 99.0, 0x000000ff
134.0, 100.0, 135.0, 99.0, 0x000000ff
134.0, 101.0, 135.0, 100.0, 0x000000ff
134.0, 102.0, 135.0, 101.0, 0x000000ff
134.0, 103.0, 135.0, 102.0, 0x000000ff
135.0, 104.0, 136.0, 103.0, 0x000000ff
135.0, 105.0, 136.0, 104.0, 0x000000ff
135.0, 106.0, 136.0, 105.0, 0x000000ff
137.0, 105.0, 135.0, 109.0, 0x000000ff
136.0, 109.0, 137.0, 108.0, 0x000000ff
137.0, 110.0, 138.0, 109.0, 0x000000ff
138.0, 111.0, 139.0, 110.0, 0x000000ff
138.0, 112.0, 139.0, 111.0, 0x000000ff
139.0, 112.0, 140.0, 111.0, 0x000000ff
139.0, 113.0, 140.0, 112.0, 0x000000ff
140.0, 114.0, 141.0, 113.0, 0x000000ff
140.0, 115.0, 141.0, 114.0, 0x000000ff
141.0, 116.0, 142.0, 115.0, 0x000000ff
142.0, 117.0, 143.0, 116.0, 0x000000ff
142.0, 118.0, 143.0, 117.0, 0x000000ff
143.0, 119.0, 144.0, 118.0, 0x000000ff
144.0, 120.0, 145.0, 119.0, 0x000000ff
144.0, 121.0, 145.0, 120.0, 0x000000ff
145.0, 122.0, 146.0, 121.0, 0x000000ff
146.0, 123.0, 147.0, 122.0, 0x000000ff
147.0, 124.0, 148.0, 123.0, 0x000000ff
149.0, 123.0, 147.0, 126.0, 0x000000ff
148.0, 126.0, 149.0, 125.0, 0x000000ff
149.0, 127.0, 150.0, 126.0, 0x000000ff
150.0, 128.0, 151.0, 127.0, 0x000000ff
151.0, 129.0, 152.0, 128.0, 0x000000ff
152.0, 130.0, 153.0, 129.0, 0x000000ff
153.0, 131.0, 154.0, 130.0, 0x000000ff
154.0, 132.0, 155.0, 131.0, 0x000000ff
156.0, 131.0, 155.0, 134.0, 0x000000ff
156.0, 134.0, 157.0, 133.0, 0x000000ff
157.0, 135.0, 158.0, 134.0, 0x000000ff
159.0, 134.0, 157.0, 137.0, 0x000000ff
158.0, 137.0, 159.0, 136.0, 0x000000ff
159.0, 138.0, 160.0, 137.0, 0x000000ff
161.0, 137.0, 160.0, 139.0, 0x000000ff
161.0, 139.0, 162.0, 138.0, 0x000000ff
163.0, 138.0, 169.0, 147.0, 0x000000ff
170.0, 147.0, 171.0, 146.0, 0x000000ff
172.0, 146.0, 170.0, 149.0, 0x000000ff
171.0, 149.0, 172.0, 148.0, 0x000000ff
173.0, 148.0, 172.0, 150.0, 0x000000ff
173.0, 150.0, 174.0, 149.0, 0x000000ff
175.0, 149.0, 173.0, 152.0, 0x000000ff
174.0, 152.0, 175.0, 151.0, 0x000000ff
176.0, 151.0, 175.0, 153.0, 0x000000ff
176.0, 153.0, 177.0, 152.0, 0x000000ff
178.0, 152.0, 177.0, 155.0, 0x000000ff
178.0, 155.0, 179.0, 154.0, 0x000000ff
179.0, 156.0, 180.0, 155.0, 0x000000ff
181.0, 155.0, 180.0, 157.0, 0x000000ff
181.0, 157.0, 182.0, 156.0, 0x000000ff
183.0, 156.0, 181.0, 159.0, 0x000000ff
182.0, 159.0, 183.0, 158.0, 0x000000ff
184.0, 158.0, 183.0, 160.0, 0x000000ff
184.0, 160.0, 185.0, 159.0, 0x000000ff
185.0, 161.0, 186.0, 160.0, 0x000000ff
187.0, 160.0, 191.0, 167.0, 0x000000ff
192.0, 167.0, 193.0, 166.0, 0x000000ff
194.0, 166.0, 193.0, 168.0, 0x000000ff
194.0, 168.0, 195.0, 167.0, 0x000000ff
196.0, 167.0, 194.0, 170.0, 0x000000ff
195.0, 170.0, 196.0, 169.0, 0x000000ff
197.0, 169.0, 196.0, 171.0, 0x000000ff
197.0, 171.0, 198.0, 170.0, 0x000000ff
198.0, 172.0, 199.0, 171.0, 0x000000ff
200.0, 171.0, 199.0, 174.0, 0x000000ff
200.0, 174.0, 201.0, 173.0, 0x000000ff
202.0, 173.0, 201.0, 175.0, 0x000000ff
202.0, 175.0, 203.0, 174.0, 0x000000ff
204.0, 174.0, 202.0, 177.0, 0x000000ff
203.0, 177.0, 204.0, 176.0, 0x000000ff
205.0, 176.0, 204.0, 178.0, 0x000000ff
205.0, 178.0, 206.0, 177.0, 0x000000ff
206.0, 179.0, 207.0, 178.0, 0x000000ff
208.0, 178.0, 207.0, 180.0, 0x000000ff
208.0, 180.0, 209.0, 179.0, 0x000000ff
210.0, 179.0, 208.0, 182.0, 0x000000ff
209.0, 182.0, 210.0, 181.0, 0x000000ff
210.0, 183.0, 211.0, 182.0, 0x000000ff
212.0, 182.0, 212.0, 186.0, 0x000000ff
213.0, 186.0, 214.0, 185.0, 0x000000ff
215.0, 185.0, 214.0, 187.0, 0x000000ff
215.0, 187.0, 216.0, 186.0, 0x000000ff
216.0, 188.0, 217.0, 187.0, 0x000000ff
217.0, 189.0, 218.0, 188.0, 0x000000ff
218.0, 190.0, 219.0, 189.0, 0x000000ff
219.0, 191.0, 220.0, 190.0, 0x000000ff
221.0, 190.0, 219.0, 193.0, 0x000000ff
220.0, 193.0, 221.0, 192.0, 0x000000ff
222.0, 192.0, 221.0, 194.0, 0x000000ff
222.0, 194.0, 223.0, 193.0, 0x000000ff
223.0, 195.0, 224.0, 194.0, 0x000000ff
224.0, 196.0, 225.0, 195.0, 0x000000ff
225.0, 197.0, 226.0, 196.0, 0x000000ff
226.0, 198.0, 227.0, 197.0, 0x000000ff
226.0, 199.0, 227.0, 198.0, 0x000000ff
227.0, 200.0, 228.0, 199.0, 0x000000ff
229.0, 199.0, 227.0, 202.0, 0x000000ff
228.0, 202.0, 229.0, 201.0, 0x000000ff
229.0, 203.0, 230.0, 202.0, 0x000000ff
230.0, 204.0, 231.0, 203.0, 0x000000ff
230.0, 205.0, 231.0, 204.0, 0x000000ff
231.0, 206.0, 232.0, 205.0, 0x000000ff
232.0, 206.0, 233.0, 205.0, 0x000000ff
232.0, 207.0, 233.0, 206.0, 0x000000ff
233.0, 208.0, 234.0, 207.0, 0x000000ff
233.0, 209.0, 234.0, 208.0, 0x000000ff
234.0, 210.0, 235.0, 209.0, 0x000000ff
234.0, 211.0, 235.0, 210.0, 0x000000ff
235.0, 212.0, 236.0, 211.0, 0x000000ff
235.0, 213.0, 236.0, 212.0, 0x000000ff
236.0, 214.0, 237.0, 213.0, 0x000000ff
236.0, 215.0, 237.0, 214.0, 0x000000ff
236.0, 216.0, 237.0, 215.0, 0x000000ff
237.0, 216.0, 238.0, 215.0, 0x000000ff
239.0, 215.0, 237.0, 220.0, 0x000000ff
238.0, 220.0, 239.0, 219.0, 0x000000ff
238.0, 221.0, 239.0, 220.0, 0x000000ff
239.0, 222.0, 240.0, 221.0, 0x000000ff
239.0, 223.0, 240.0, 222.0, 0x000000ff
239.0, 224.0, 240.0, 223.0, 0x000000ff
240.0, 225.0, 241.0, 224.0, 0x000000ff
240.0, 226.0, 241.0, 225.0, 0x000000ff
240.0, 227.0, 241.0, 226.0, 0x000000ff
240.0, 228.0, 241.0, 227.0, 0x000000ff
240.0, 229.0, 241.0, 228.0, 0x000000ff
242.0, 228.0, 240.0, 231.0, 0x000000ff
241.0, 231.0, 242.0, 230.0, 0x000000ff
241.0, 232.0, 242.0, 231.0, 0x000000ff
241.0, 233.0, 242.0, 232.0, 0x000000ff
241.0, 234.0, 242.0, 233.0, 0x000000ff
242.0, 234.0, 243.0, 233.0, 0x000000ff
242.0, 235.0, 243.0, 234.0, 0x000000ff
242.0, 236.0, 243.0, 235.0, 0x000000ff
242.0, 237.0, 243.0, 236.0, 0x000000ff
242.0, 238.0, 243.0, 237.0, 0x000000ff
242.0, 239.0, 243.0, 238.0, 0x000000ff
242.0, 240.0, 243.0, 239.0, 0x000000ff
242.0, 241.0, 243.0, 240.0, 0x000000ff
243.0, 241.0, 244.0, 240.0, 0x000000ff
243.0, 242.0, 244.0, 241.0, 0x000000ff
243.0, 243.0, 244.0, 242.0, 0x000000ff
243.0, 244.0, 244.0, 243.0, 0x000000ff
243.0, 245.0, 244.0, 244.0, 0x000000ff
243.0, 246.0, 244.0, 245.0, 0x000000ff
243.0, 247.0, 244.0, 246.0, 0x000000ff
243.0, 248.0, 244.0, 247.0, 0x000000ff
243.0, 249.0, 244.0, 248.0, 0x000000ff
243.0, 250.0, 244.0, 249.0, 0x000000ff
245.0, 249.0, 242.0, 253.0, 0x000000ff
243.0, 253.0, 244.0, 252.0, 0x000000ff
243.0, 254.0, 244.0, 253.0, 0x000000ff
243.0, 255.0, 244.0, 254.0, 0x000000ff
243.0, 256.0, 244.0, 255.0, 0x000000ff
243.0, 257.0, 244.0, 256.0, 0x000000ff
243.0, 258.0, 244.0, 257.0, 0x000000ff
243.0, 259.0, 244.0, 258.0, 0x000000ff
243.0, 260.0, 244.0, 259.0, 0x000000ff
243.0, 261.0, 244.0, 260.0, 0x000000ff
243.0, 262.0, 244.0, 261.0, 0x000000ff
243.0, 263.0, 244.0, 262.0, 0x000000ff
243.0, 264.0, 244.0, 263.0, 0x000000ff
243.0, 265.0, 244.0, 264.0, 0x000000ff
243.0, 266.0, 244.0, 265.0, 0x000000ff
242.0, 266.0, 243.0, 265.0, 0x000000ff
242.0, 267.0, 243.0, 266.0, 0x000000ff
242.0, 268.0, 243.0, 267.0, 0x000000ff
242.0, 269.0, 243.0, 268.0, 0x000000ff
241.0, 269.0, 242.0, 268.0, 0x000000ff
241.0, 270.0, 242.0, 269.0, 0x000000ff
241.0, 271.0, 242.0, 270.0, 0x000000ff
240.0, 271.0, 241.0, 270.0, 0x000000ff
240.0, 272.0, 241.0, 271.0, 0x000000ff
239.0, 272.0, 240.0, 271.0, 0x000000ff
239.0, 273.0, 240.0, 272.0, 0x000000ff
238.0, 273.0, 239.0, 272.0, 0x000000ff
238.0, 274.0, 239.0, 273.0, 0x000000ff
237.0, 274.0, 238.0, 273.0, 0x000000ff
236.0, 274.0, 237.0, 273.0, 0x000000ff
236.0, 275.0, 237.0, 274.0, 0x000000ff
235.0, 275.0, 236.0, 274.0, 0x000000ff
234.0, 275.0, 235.0, 274.0, 0x000000ff
233.0, 275.0, 234.0, 274.0, 0x000000ff
232.0, 275.0, 233.0, 274.0, 0x000000ff
231.0, 275.0, 232.0, 274.0, 0x000000ff
230.0, 275.0, 231.0, 274.0, 0x000000ff
229.0, 275.0, 230.0, 274.0, 0x000000ff
228.0, 275.0, 229.0, 274.0, 0x000000ff
169.0, 71.0, 170.0, 70.0, 0xff0000ff
169.0, 72.0, 170.0, 71.0, 0xff0000ff
170.0, 72.0, 171.0, 71.0, 0xff0000ff
170.0, 73.0, 171.0, 72.0, 0xff0000ff
170.0, 74.0, 171.0, 73.0, 0xff0000ff
170.0, 75.0, 171.0, 74.0, 0xff0000ff
170.0, 76.0, 171.0, 75.0, 0xff0000ff
170.0, 77.0, 171.0, 76.0, 0xff0000ff
170.0, 78.0, 171.0, 77.0, 0xff0000ff
170.0, 79.0, 171.0, 78.0, 0xff0000ff
171.0, 80.0, 172.0, 79.0, 0xff0000ff
171.0, 81.0, 172.0, 80.0, 0xff0000ff
171.0, 82.0, 172.0, 81.0, 0xff0000ff
171.0, 83.0, 172.0, 82.0, 0xff0000ff
171.0, 84.0, 172.0, 83.0, 0xff0000ff
171.0, 85.0, 172.0, 84.0, 0xff0000ff
171.0, 86.0, 172.0, 85.0, 0xff0000ff
171.0, 87.0, 172.0, 86.0, 0xff0000ff
172.0, 87.0, 173.0, 86.0, 0xff0000ff
172.0, 88.0, 173.0, 87.0, 0xff0000ff
172.0, 89.0, 173.0, 88.0, 0xff0000ff
172.0, 90.0, 173.0, 89.0, 0xff0000ff
174.0, 89.0, 172.0, 93.0, 0xff0000ff
173.0, 93.0, 174.0, 92.0, 0xff0000ff
173.0, 94.0, 174.0, 93.0, 0xff0000ff
173.0, 95.0, 174.0, 94.0, 0xff0000ff
173.0, 96.0, 174.0, 95.0, 0xff0000ff
174.0, 96.0, 175.0, 95.0, 0xff0000ff
174.0, 97.0, 175.0, 96.0, 0xff0000ff
174.0, 98.0, 175.0, 97.0, 0xff0000ff
174.0, 99.0, 175.0, 98.0, 0xff0000ff
175.0, 100.0, 176.0, 99.0, 0xff0000ff
175.0, 101.0, 176.0, 100.0, 0xff0000ff
175.0, 102.0, 176.0, 101.0, 0xff0000ff
176.0, 103.0, 177.0, 102.0, 0xff0000ff
178.0, 102.0, 176.0, 106.0, 0xff0000ff
177.0, 106.0, 178.0, 105.0, 0xff0000ff
177.0, 107.0, 178.0, 106.0, 0xff0000ff
177.0, 108.0, 178.0, 107.0, 0xff0000ff
178.0, 109.0, 179.0, 108.0, 0xff0000ff
178.0, 110.0, 179.0, 109.0, 0xff0000ff
179.0, 111.0, 180.0, 110.0, 0xff0000ff
179.0, 112.0, 180.0, 111.0, 0xff0000ff
180.0, 113.0, 181.0, 112.0, 0xff0000ff
180.0, 114.0, 181.0, 113.0, 0xff0000ff
180.0, 115.0, 181.0, 114.0, 0xff0000ff
182.0, 114.0, 180.0, 117.0, 0xff0000ff
181.0, 117.0, 182.0, 116.0, 0xff0000ff
182.0, 118.0, 183.0, 117.0, 0xff0000ff
182.0, 119.0, 183.0, 118.0, 0xff0000ff
183.0, 120.0, 184.0, 119.0, 0xff0000ff
185.0, 119.0, 183.0, 122.0, 0xff0000ff
184.0, 122.0, 185.0, 121.0, 0xff0000ff
184.0, 123.0, 185.0, 122.0, 0xff0000ff
185.0, 124.0, 186.0, 123.0, 0xff0000ff
187.0, 123.0, 185.0, 126.0, 0xff0000ff
186.0, 126.0, 187.0, 125.0, 0xff0000ff
186.0, 127.0, 187.0, 126.0, 0xff0000ff
187.0, 128.0, 188.0, 127.0, 0xff0000ff
188.0, 129.0, 189.0, 128.0, 0xff0000ff
188.0, 131.0, 189.0, 130.0, 0xff0000ff
189.0, 132.0, 190.0, 131.0, 0xff0000ff
190.0, 133.0, 191.0, 132.0, 0xff0000ff
192.0, 132.0, 190.0, 135.0, 0xff0000ff
191.0, 135.0, 192.0, 134.0, 0xff0000ff
191.0, 136.0, 192.0, 135.0, 0xff0000ff
192.0, 137.0, 193.0, 136.0, 0xff0000ff
194.0, 136.0, 192.0, 139.0, 0xff0000ff
193.0, 139.0, 194.0, 138.0, 0xff0000ff
194.0, 140.0, 195.0, 139.0, 0xff0000ff
194.0, 141.0, 195.0, 140.0, 0xff0000ff
196.0, 140.0, 197.0, 148.0, 0xff0000ff
198.0, 148.0, 199.0, 147.0, 0xff0000ff
199.0, 149.0, 200.0, 148.0, 0xff0000ff
200.0, 150.0, 201.0, 149.0, 0xff0000ff
201.0, 151.0, 202.0, 150.0, 0xff0000ff
202.0, 152.0, 203.0, 151.0, 0xff0000ff
204.0, 151.0, 202.0, 154.0, 0xff0000ff
203.0, 154.0, 204.0, 153.0, 0xff0000ff
203.0, 155.0, 204.0, 154.0, 0xff0000ff
204.0, 156.0, 205.0, 155.0, 0xff0000ff
205.0, 157.0, 206.0, 156.0, 0xff0000ff
206.0, 158.0, 207.0, 157.0, 0xff0000ff
207.0, 159.0, 208.0, 158.0, 0xff0000ff
209.0, 158.0, 207.0, 161.0, 0xff0000ff
208.0, 161.0, 209.0, 160.0, 0xff0000ff
210.0, 160.0, 210.0, 164.0, 0xff0000ff
211.0, 164.0, 212.0, 163.0, 0xff0000ff
212.0, 165.0, 213.0, 164.0, 0xff0000ff
213.0, 166.0, 214.0, 165.0, 0xff0000ff
213.0, 167.0, 214.0, 166.0, 0xff0000ff
215.0, 166.0, 213.0, 169.0, 0xff0000ff
214.0, 169.0, 215.0, 168.0, 0xff0000ff
216.0, 168.0, 215.0, 170.0, 0xff0000ff
216.0, 170.0, 217.0, 169.0, 0xff0000ff
216.0, 171.0, 217.0, 170.0, 0xff0000ff
217.0, 172.0, 218.0, 171.0, 0xff0000ff
218.0, 173.0, 219.0, 172.0, 0xff0000ff
219.0, 174.0, 220.0, 173.0, 0xff0000ff
220.0, 175.0, 221.0, 174.0, 0xff0000ff
221.0, 176.0, 222.0, 175.0, 0xff0000ff
222.0, 177.0, 223.0, 176.0, 0xff0000ff
224.0, 176.0, 222.0, 179.0, 0xff0000ff
223.0, 179.0, 224.0, 178.0, 0xff0000ff
224.0, 179.0, 225.0, 178.0, 0xff0000ff
226.0, 178.0, 224.0, 181.0, 0xff0000ff
225.0, 181.0, 226.0, 180.0, 0xff0000ff
226.0, 182.0, 227.0, 181.0, 0xff0000ff
227.0, 183.0, 228.0, 182.0, 0xff0000ff
228.0, 184.0, 229.0, 183.0, 0xff0000ff
229.0, 185.0, 230.0, 184.0, 0xff0000ff
230.0, 186.0, 231.0, 185.0, 0xff0000ff
231.0, 187.0, 232.0, 186.0, 0xff0000ff
232.0, 188.0, 233.0, 187.0, 0xff0000ff
233.0, 188.0, 234.0, 187.0, 0xff0000ff
234.0, 189.0, 235.0, 188.0, 0xff0000ff
235.0, 190.0, 236.0, 189.0, 0xff0000ff
236.0, 191.0, 237.0, 190.0, 0xff0000ff
237.0, 192.0, 238.0, 191.0, 0xff0000ff
238.0, 193.0, 239.0, 192.0, 0xff0000ff
239.0, 194.0, 240.0, 193.0, 0xff0000ff
240.0, 195.0, 241.0, 194.0, 0xff0000ff
241.0, 195.0, 242.0, 194.0, 0xff0000ff
242.0, 196.0, 243.0, 195.0, 0xff0000ff
243.0, 197.0, 244.0, 196.0, 0xff0000ff
244.0, 198.0, 245.0, 197.0, 0xff0000ff
245.0, 199.0, 246.0, 198.0, 0xff0000ff
246.0, 199.0, 247.0, 198.0, 0xff0000ff
247.0, 200.0, 248.0, 199.0, 0xff0000ff
248.0, 201.0, 249.0, 200.0, 0xff0000ff
249.0, 201.0, 250.0, 200.0, 0xff0000ff
250.0, 202.0, 251.0, 201.0, 0xff0000ff
251.0, 203.0, 252.0, 202.0, 0xff0000ff
252.0, 203.0, 253.0, 202.0, 0xff0000ff
252.0, 204.0, 253.0, 203.0, 0xff0000ff
253.0, 205.0, 254.0, 204.0, 0xff0000ff
254.0, 205.0, 255.0, 204.0, 0xff0000ff
256.0, 204.0, 257.0, 207.0, 0xff0000ff
258.0, 207.0, 259.0, 206.0, 0xff0000ff
258.0, 208.0, 259.0, 207.0, 0xff0000ff
259.0, 208.0, 260.0, 207.0, 0xff0000ff
260.0, 209.0, 261.0, 208.0, 0xff0000ff
261.0, 209.0, 262.0, 208.0, 0xff0000ff
262.0, 209.0, 263.0, 208.0, 0xff0000ff
263.0, 210.0, 264.0, 209.0, 0xff0000ff
264.0, 210.0, 265.0, 209.0, 0xff0000ff
264.0, 211.0, 265.0, 210.0, 0xff0000ff
265.0, 211.0, 266.0, 210.0, 0xff0000ff
266.0, 211.0, 267.0, 210.0, 0xff0000ff
267.0, 212.0, 268.0, 211.0, 0xff0000ff
268.0, 212.0, 269.0, 211.0, 0xff0000ff
269.0, 212.0, 270.0, 211.0, 0xff0000ff
269.0, 213.0, 270.0, 212.0, 0xff0000ff
270.0, 213.0, 271.0, 212.0, 0xff0000ff
271.0, 213.0, 272.0, 212.0, 0xff0000ff
271.0, 214.0, 272.0, 213.0, 0xff0000ff
272.0, 214.0, 273.0, 213.0, 0xff0000ff
273.0, 214.0, 274.0, 213.0, 0xff0000ff
273.0, 215.0, 274.0, 214.0, 0xff0000ff
273.0, 216.0, 274.0, 215.0, 0xff0000ff
273.0, 217.0, 274.0, 216.0, 0xff0000ff
273.0, 218.0, 274.0, 217.0, 0xff0000ff
272.0, 218.0, 273.0, 217.0, 0xff0000ff
272.0, 219.0, 273.0, 218.0, 0xff0000ff
271.0, 219.0, 272.0, 218.0, 0xff0000ff
271.0, 220.0, 272.0, 219.0, 0xff0000ff
270.0, 220.0, 271.0, 219.0, 0xff0000ff
270.0, 221.0, 271.0, 220.0, 0xff0000ff
269.0, 221.0, 270.0, 220.0, 0xff0000ff
269.0, 222.0, 270.0, 221.0, 0xff0000ff
268.0, 222.0, 269.0, 221.0, 0xff0000ff
267.0, 223.0, 268.0, 222.0, 0xff0000ff
266.0, 223.0, 267.0, 222.0, 0xff0000ff
266.0, 224.0, 267.0, 223.0, 0xff0000ff
265.0, 224.0, 266.0, 223.0, 0xff0000ff
265.0, 225.0, 266.0, 224.0, 0xff0000ff
264.0, 225.0, 265.0, 224.0, 0xff0000ff
263.0, 225.0, 264.0, 224.0, 0xff0000ff
265.0, 224.0, 256.0, 228.0, 0xff0000ff
257.0, 228.0, 258.0, 227.0, 0xff0000ff
256.0, 228.0, 257.0, 227.0, 0xff0000ff
256.0, 229.0, 257.0, 228.0, 0xff0000ff
255.0, 229.0, 256.0, 228.0, 0xff0000ff
254.0, 229.0, 255.0, 228.0, 0xff0000ff
254.0, 230.0, 255.0, 229.0, 0xff0000ff
253.0, 230.0, 254.0, 229.0, 0xff0000ff
253.0, 231.0, 254.0, 230.0, 0xff0000ff
252.0, 231.0, 253.0, 230.0, 0xff0000ff
226.0, 49.0, 227.0, 48.0, 0x0000ffff
226.0, 50.0, 227.0, 49.0, 0x0000ffff
226.0, 51.0, 227.0, 50.0, 0x0000ffff
226.0, 52.0, 227.0, 51.0, 0x0000ffff
226.0, 53.0, 227.0, 52.0, 0x0000ffff
225.0, 53.0, 226.0, 52.0, 0x0000ffff
225.0, 54.0, 226.0, 53.0, 0x0000ffff
225.0, 55.0, 226.0, 54.0, 0x0000ffff
225.0, 56.0, 226.0, 55.0, 0x0000ffff
225.0, 57.0, 226.0, 56.0, 0x0000ffff
225.0, 58.0, 226.0, 57.0, 0x0000ffff
225.0, 59.0, 226.0, 58.0, 0x0000ffff
224.0, 60.0, 225.0, 59.0, 0x0000ffff
224.0, 61.0, 225.0, 60.0, 0x0000ffff
224.0, 62.0, 225.0, 61.0, 0x0000ffff
224.0, 63.0, 225.0, 62.0, 0x0000ffff
224.0, 64.0, 225.0, 63.0, 0x0000ffff
224.0, 65.0, 225.0, 64.0, 0x0000ffff
224.0, 66.0, 225.0, 65.0, 0x0000ffff
223.0, 66.0, 224.0, 65.0, 0x0000ffff
223.0, 67.0, 224.0, 66.0, 0x0000ffff
225.0, 66.0, 222.0, 72.0, 0x0000ffff
223.0, 72.0, 224.0, 71.0, 0x0000ffff
223.0, 73.0, 224.0, 72.0, 0x0000ffff
223.0, 74.0, 224.0, 73.0, 0x0000ffff
223.0, 75.0, 224.0, 74.0, 0x0000ffff
223.0, 76.0, 224.0, 75.0, 0x0000ffff
223.0, 77.0, 224.0, 76.0, 0x0000ffff
223.0, 78.0, 224.0, 77.0, 0x0000ffff
223.0, 79.0, 224.0, 78.0, 0x0000ffff
223.0, 80.0, 224.0, 79.0, 0x0000ffff
223.0, 81.0, 224.0, 80.0, 0x0000ffff
223.0, 83.0, 224.0, 82.0, 0x0000ffff
223.0, 84.0, 224.0, 83.0, 0x0000ffff
225.0, 83.0, 222.0, 88.0, 0x0000ffff
223.0, 88.0, 224.0, 87.0, 0x0000ffff
223.0, 89.0, 224.0, 88.0, 0x0000ffff
223.0, 91.0, 224.0, 90.0, 0x0000ffff
223.0, 92.0, 224.0, 91.0, 0x0000ffff
223.0, 94.0, 224.0, 93.0, 0x0000ffff
223.0, 95.0, 224.0, 94.0, 0x0000ffff
223.0, 97.0, 224.0, 96.0, 0x0000ffff
223.0, 98.0, 224.0, 97.0, 0x0000ffff
225.0, 97.0, 223.0, 100.0, 0x0000ffff
224.0, 100.0, 225.0, 99.0, 0x0000ffff
224.0, 101.0, 225.0, 100.0, 0x0000ffff
224.0, 103.0, 225.0, 102.0, 0x0000ffff
224.0, 105.0, 225.0, 104.0, 0x0000ffff
225.0, 106.0, 226.0, 105.0, 0x0000ffff
225.0, 108.0, 226.0, 107.0, 0x0000ffff
225.0, 109.0, 226.0, 108.0, 0x0000ffff
227.0, 108.0, 225.0, 111.0, 0x0000ffff
226.0, 111.0, 227.0, 110.0, 0x0000ffff
226.0, 112.0, 227.0, 111.0, 0x0000ffff
228.0, 111.0, 226.0, 114.0, 0x0000ffff
227.0, 114.0, 228.0, 113.0, 0x0000ffff
227.0, 116.0, 228.0, 115.0, 0x0000ffff
229.0, 115.0, 227.0, 118.0, 0x0000ffff
228.0, 118.0, 229.0, 117.0, 0x0000ffff
228.0, 120.0, 229.0, 119.0, 0x0000ffff
229.0, 121.0, 230.0, 120.0, 0x0000ffff
229.0, 123.0, 230.0, 122.0, 0x0000ffff
231.0, 122.0, 229.0, 125.0, 0x0000ffff
230.0, 125.0, 231.0, 124.0, 0x0000ffff
230.0, 126.0, 231.0, 125.0, 0x0000ffff
232.0, 125.0, 230.0, 129.0, 0x0000ffff
231.0, 129.0, 232.0, 128.0, 0x0000ffff
232.0, 130.0, 233.0, 129.0, 0x0000ffff
234.0, 129.0, 232.0, 132.0, 0x0000ffff
233.0, 132.0, 234.0, 131.0, 0x0000ffff
235.0, 131.0, 233.0, 134.0, 0x0000ffff
234.0, 134.0, 235.0, 133.0, 0x0000ffff
234.0, 136.0, 235.0, 135.0, 0x0000ffff
236.0, 135.0, 239.0, 147.0, 0x0000ffff
240.0, 147.0, 241.0, 146.0, 0x0000ffff
241.0, 148.0, 242.0, 147.0, 0x0000ffff
243.0, 147.0, 241.0, 150.0, 0x0000ffff
242.0, 150.0, 243.0, 149.0, 0x0000ffff
244.0, 149.0, 242.0, 152.0, 0x0000ffff
243.0, 152.0, 244.0, 151.0, 0x0000ffff
245.0, 151.0, 243.0, 154.0, 0x0000ffff
244.0, 154.0, 245.0, 153.0, 0x0000ffff
246.0, 153.0, 245.0, 156.0, 0x0000ffff
246.0, 156.0, 247.0, 155.0, 0x0000ffff
248.0, 155.0, 246.0, 158.0, 0x0000ffff
247.0, 158.0, 248.0, 157.0, 0x0000ffff
248.0, 159.0, 249.0, 158.0, 0x0000ffff
250.0, 158.0, 248.0, 161.0, 0x0000ffff
249.0, 161.0, 250.0, 160.0, 0x0000ffff
251.0, 160.0, 249.0, 163.0, 0x0000ffff
250.0, 163.0, 251.0, 162.0, 0x0000ffff
251.0, 164.0, 252.0, 163.0, 0x0000ffff
253.0, 163.0, 256.0, 172.0, 0x0000ffff
257.0, 172.0, 258.0, 171.0, 0x0000ffff
258.0, 173.0, 259.0, 172.0, 0x0000ffff
260.0, 172.0, 258.0, 175.0, 0x0000ffff
259.0, 175.0, 260.0, 174.0, 0x0000ffff
261.0, 174.0, 260.0, 176.0, 0x0000ffff
261.0, 176.0, 262.0, 175.0, 0x0000ffff
263.0, 175.0, 261.0, 178.0, 0x0000ffff
262.0, 178.0, 263.0, 177.0, 0x0000ffff
264.0, 177.0, 262.0, 180.0, 0x0000ffff
263.0, 180.0, 264.0, 179.0, 0x0000ffff
265.0, 179.0, 264.0, 182.0, 0x0000ffff
265.0, 182.0, 266.0, 181.0, 0x0000ffff
267.0, 181.0, 266.0, 183.0, 0x0000ffff
267.0, 183.0, 268.0, 182.0, 0x0000ffff
269.0, 182.0, 267.0, 185.0, 0x0000ffff
268.0, 185.0, 269.0, 184.0, 0x0000ffff
270.0, 184.0, 269.0, 186.0, 0x0000ffff
270.0, 186.0, 271.0, 185.0, 0x0000ffff
272.0, 185.0, 270.0, 188.0, 0x0000ffff
271.0, 188.0, 272.0, 187.0, 0x0000ffff
273.0, 187.0, 272.0, 189.0, 0x0000ffff
273.0, 189.0, 274.0, 188.0, 0x0000ffff
275.0, 188.0, 273.0, 191.0, 0x0000ffff
274.0, 191.0, 275.0, 190.0, 0x0000ffff
276.0, 190.0, 277.0, 194.0, 0x0000ffff
278.0, 194.0, 279.0, 193.0, 0x0000ffff
279.0, 195.0, 280.0, 194.0, 0x0000ffff
281.0, 194.0, 280.0, 197.0, 0x0000ffff
281.0, 197.0, 282.0, 196.0, 0x0000ffff
282.0, 198.0, 283.0, 197.0, 0x0000ffff
284.0, 197.0, 283.0, 199.0, 0x0000ffff
284.0, 199.0, 285.0, 198.0, 0x0000ffff
286.0, 198.0, 285.0, 201.0, 0x0000ffff
286.0, 201.0, 287.0, 200.0, 0x0000ffff
287.0, 202.0, 288.0, 201.0, 0x0000ffff
289.0, 201.0, 288.0, 203.0, 0x0000ffff
289.0, 203.0, 290.0, 202.0, 0x0000ffff
291.0, 202.0, 290.0, 205.0, 0x0000ffff
291.0, 205.0, 292.0, 204.0, 0x0000ffff
292.0, 206.0, 293.0, 205.0, 0x0000ffff
294.0, 205.0, 293.0, 207.0, 0x0000ffff
294.0, 207.0, 295.0, 206.0, 0x0000ffff
296.0, 206.0, 295.0, 208.0, 0x0000ffff
296.0, 208.0, 297.0, 207.0, 0x0000ffff
297.0, 209.0, 298.0, 208.0, 0x0000ffff
299.0, 208.0, 298.0, 210.0, 0x0000ffff
299.0, 210.0, 300.0, 209.0, 0x0000ffff
301.0, 209.0, 300.0, 212.0, 0x0000ffff
301.0, 212.0, 302.0, 211.0, 0x0000ffff
303.0, 211.0, 311.0, 219.0, 0x0000ffff
312.0, 219.0, 313.0, 218.0, 0x0000ffff
313.0, 220.0, 314.0, 219.0, 0x0000ffff
315.0, 219.0, 314.0, 221.0, 0x0000ffff
315.0, 221.0, 316.0, 220.0, 0x0000ffff
316.0, 221.0, 317.0, 220.0, 0x0000ffff
318.0, 220.0, 317.0, 222.0, 0x0000ffff
318.0, 222.0, 319.0, 221.0, 0x0000ffff
319.0, 223.0, 320.0, 222.0, 0x0000ffff
320.0, 224.0, 321.0, 223.0, 0x0000ffff
322.0, 224.0, 323.0, 223.0, 0x0000ffff
323.0, 225.0, 324.0, 224.0, 0x0000ffff
325.0, 224.0, 324.0, 226.0, 0x0000ffff
325.0, 226.0, 326.0, 225.0, 0x0000ffff
327.0, 225.0, 329.0, 229.0, 0x0000ffff
330.0, 229.0, 331.0, 228.0, 0x0000ffff
331.0, 229.0, 332.0, 228.0, 0x0000ffff
332.0, 230.0, 333.0, 229.0, 0x0000ffff
333.0, 230.0, 334.0, 229.0, 0x0000ffff
334.0, 231.0, 335.0, 230.0, 0x0000ffff
335.0, 231.0, 336.0, 230.0, 0x0000ffff
337.0, 230.0, 336.0, 232.0, 0x0000ffff
337.0, 232.0, 338.0, 231.0, 0x0000ffff
338.0, 233.0, 339.0, 232.0, 0x0000ffff
339.0, 233.0, 340.0, 232.0, 0x0000ffff
340.0, 233.0, 341.0, 232.0, 0x0000ffff
340.0, 234.0, 341.0, 233.0, 0x0000ffff
341.0, 234.0, 342.0, 233.0, 0x0000ffff
342.0, 235.0, 343.0, 234.0, 0x0000ffff
344.0, 235.0, 345.0, 234.0, 0x0000ffff
345.0, 236.0, 346.0, 235.0, 0x0000ffff
346.0, 236.0, 347.0, 235.0, 0x0000ffff
347.0, 237.0, 348.0, 236.0, 0x0000ffff
348.0, 237.0, 349.0, 236.0, 0x0000ffff
349.0, 237.0, 350.0, 236.0, 0x0000ffff
349.0, 238.0, 350.0, 237.0, 0x0000ffff
350.0, 238.0, 351.0, 237.0, 0x0000ffff
351.0, 238.0, 352.0, 237.0, 0x0000ffff
351.0, 239.0, 352.0, 238.0, 0x0000ffff
352.0, 239.0, 353.0, 238.0, 0x0000ffff
353.0, 239.0, 354.0, 238.0, 0x0000ffff
353.0, 240.0, 354.0, 239.0, 0x0000ffff
353.0, 241.0, 354.0, 240.0, 0x0000ffff
353.0, 242.0, 354.0, 241.0, 0x0000ffff
353.0, 243.0, 354.0, 242.0, 0x0000ffff
353.0, 244.0, 354.0, 243.0, 0x0000ffff
352.0, 244.0, 353.0, 243.0, 0x0000ffff
352.0, 245.0, 353.0, 244.0, 0x0000ffff
351.0, 245.0, 352.0, 244.0, 0x0000ffff
350.0, 245.0, 351.0, 244.0, 0x0000ffff
350.0, 246.0, 351.0, 245.0, 0x0000ffff
349.0, 246.0, 350.0, 245.0, 0x0000ffff
348.0, 246.0, 349.0, 245.0, 0x0000ffff
348.0, 247.0, 349.0, 246.0, 0x0000ffff
347.0, 247.0, 348.0, 246.0, 0x0000ffff
346.0, 247.0, 347.0, 246.0, 0x0000ffff
346.0, 248.0, 347.0, 247.0, 0x0000ffff
345.0, 248.0, 346.0, 247.0, 0x0000ffff
344.0, 248.0, 345.0, 247.0, 0x0000ffff
344.0, 249.0, 345.0, 248.0, 0x0000ffff
343.0, 249.0, 344.0, 248.0, 0x0000ffff
342.0, 249.0, 343.0, 248.0, 0x0000ffff
341.0, 249.0, 342.0, 248.0, 0x0000ffff
341.0, 250.0, 342.0, 249.0, 0x0000ffff
340.0, 250.0, 341.0, 249.0, 0x0000ffff
339.0, 250.0, 340.0, 249.0, 0x0000ffff
338.0, 250.0, 339.0, 249.0, 0x0000ffff
338.0, 251.0, 339.0, 250.0, 0x0000ffff
337.0, 251.0, 338.0, 250.0, 0x0000ffff
259.0, 76.0, 260.0, 75.0, 0x008000ff
259.0, 77.0, 260.0, 76.0, 0x008000ff
258.0, 77.0, 259.0, 76.0, 0x008000ff
258.0, 78.0, 259.0, 77.0, 0x008000ff
258.0, 79.0, 259.0, 78.0, 0x008000ff
258.0, 80.0, 259.0, 79.0, 0x008000ff
258.0, 81.0, 259.0, 80.0, 0x008000ff
258.0, 82.0, 259.0, 81.0, 0x008000ff
260.0, 81.0, 256.0, 84.0, 0x008000ff
257.0, 84.0, 258.0, 83.0, 0x008000ff
257.0, 85.0, 258.0, 84.0, 0x008000ff
257.0, 86.0, 258.0, 85.0, 0x008000ff
257.0, 87.0, 258.0, 86.0, 0x008000ff
256.0, 88.0, 257.0, 87.0, 0x008000ff
256.0, 89.0, 257.0, 88.0, 0x008000ff
256.0, 90.0, 257.0, 89.0, 0x008000ff
256.0, 91.0, 257.0, 90.0, 0x008000ff
256.0, 92.0, 257.0, 91.0, 0x008000ff
256.0, 93.0, 257.0, 92.0, 0x008000ff
256.0, 94.0, 257.0, 93.0, 0x008000ff
256.0, 95.0, 257.0, 94.0, 0x008000ff
256.0, 96.0, 257.0, 95.0, 0x008000ff
255.0, 97.0, 256.0, 96.0, 0x008000ff
255.0, 98.0, 256.0, 97.0, 0x008000ff
255.0, 99.0, 256.0, 98.0, 0x008000ff
255.0, 100.0, 256.0, 99.0, 0x008000ff
255.0, 101.0, 256.0, 100.0, 0x008000ff
255.0, 102.0, 256.0, 101.0, 0x008000ff
255.0, 103.0, 256.0, 102.0, 0x008000ff
255.0, 105.0, 256.0, 104.0, 0x008000ff
255.0, 106.0, 256.0, 105.0, 0x008000ff
255.0, 107.0, 256.0, 106.0, 0x008000ff
255.0, 108.0, 256.0, 107.0, 0x008000ff
255.0, 109.0, 256.0, 108.0, 0x008000ff
255.0, 110.0, 256.0, 109.0, 0x008000ff
255.0, 111.0, 256.0, 110.0, 0x008000ff
255.0, 113.0, 256.0, 112.0, 0x008000ff
257.0, 112.0, 255.0, 120.0, 0x008000ff
256.0, 120.0, 257.0, 119.0, 0x008000ff
256.0, 121.0, 257.0, 120.0, 0x008000ff
256.0, 123.0, 257.0, 122.0, 0x008000ff
257.0, 124.0, 258.0, 123.0, 0x008000ff
257.0, 126.0, 258.0, 125.0, 0x008000ff
257.0, 127.0, 258.0, 126.0, 0x008000ff
258.0, 128.0, 259.0, 127.0, 0x008000ff
258.0, 130.0, 259.0, 129.0, 0x008000ff
259.0, 131.0, 260.0, 130.0, 0x008000ff
259.0, 133.0, 260.0, 132.0, 0x008000ff
260.0, 134.0, 261.0, 133.0, 0x008000ff
262.0, 133.0, 261.0, 140.0, 0x008000ff
262.0, 140.0, 263.0, 139.0, 0x008000ff
264.0, 139.0, 262.0, 142.0, 0x008000ff
263.0, 142.0, 264.0, 141.0, 0x008000ff
264.0, 143.0, 265.0, 142.0, 0x008000ff
266.0, 142.0, 264.0, 145.0, 0x008000ff
265.0, 145.0, 266.0, 144.0, 0x008000ff
266.0, 146.0, 267.0, 145.0, 0x008000ff
266.0, 148.0, 267.0, 147.0, 0x008000ff
267.0, 149.0, 268.0, 148.0, 0x008000ff
269.0, 148.0, 267.0, 151.0, 0x008000ff
268.0, 151.0, 269.0, 150.0, 0x008000ff
269.0, 152.0, 270.0, 151.0, 0x008000ff
271.0, 151.0, 269.0, 154.0, 0x008000ff
270.0, 154.0, 271.0, 153.0, 0x008000ff
271.0, 155.0, 272.0, 154.0, 0x008000ff
273.0, 154.0, 271.0, 157.0, 0x008000ff
272.0, 157.0, 273.0, 156.0, 0x008000ff
273.0, 158.0, 274.0, 157.0, 0x008000ff
275.0, 157.0, 274.0, 161.0, 0x008000ff
275.0, 161.0, 276.0, 160.0, 0x008000ff
277.0, 160.0, 275.0, 163.0, 0x008000ff
276.0, 163.0, 277.0, 162.0, 0x008000ff
277.0, 164.0, 278.0, 163.0, 0x008000ff
278.0, 165.0, 279.0, 164.0, 0x008000ff
280.0, 164.0, 279.0, 167.0, 0x008000ff
280.0, 167.0, 281.0, 166.0, 0x008000ff
281.0, 168.0, 282.0, 167.0, 0x008000ff
283.0, 167.0, 281.0, 170.0, 0x008000ff
282.0, 170.0, 283.0, 169.0, 0x008000ff
283.0, 171.0, 284.0, 170.0, 0x008000ff
285.0, 170.0, 283.0, 173.0, 0x008000ff
284.0, 173.0, 285.0, 172.0, 0x008000ff
286.0, 172.0, 285.0, 174.0, 0x008000ff
286.0, 174.0, 287.0, 173.0, 0x008000ff
287.0, 175.0, 288.0, 174.0, 0x008000ff
289.0, 174.0, 287.0, 177.0, 0x008000ff
288.0, 177.0, 289.0, 176.0, 0x008000ff
290.0, 176.0, 289.0, 178.0, 0x008000ff
290.0, 178.0, 291.0, 177.0, 0x008000ff
291.0, 179.0, 292.0, 178.0, 0x008000ff
293.0, 178.0, 291.0, 181.0, 0x008000ff
292.0, 181.0, 293.0, 180.0, 0x008000ff
294.0, 180.0, 293.0, 182.0, 0x008000ff
294.0, 182.0, 295.0, 181.0, 0x008000ff
295.0, 183.0, 296.0, 182.0, 0x008000ff
296.0, 184.0, 297.0, 183.0, 0x008000ff
298.0, 183.0, 297.0, 186.0, 0x008000ff
298.0, 186.0, 299.0, 185.0, 0x008000ff
299.0, 187.0, 300.0, 186.0, 0x008000ff
300.0, 188.0, 301.0, 187.0, 0x008000ff
302.0, 187.0, 301.0, 189.0, 0x008000ff
302.0, 189.0, 303.0, 188.0, 0x008000ff
303.0, 190.0, 304.0, 189.0, 0x008000ff
304.0, 191.0, 305.0, 190.0, 0x008000ff
306.0, 190.0, 305.0, 192.0, 0x008000ff
306.0, 192.0, 307.0, 191.0, 0x008000ff
307.0, 193.0, 308.0, 192.0, 0x008000ff
309.0, 192.0, 308.0, 194.0, 0x008000ff
309.0, 194.0, 310.0, 193.0, 0x008000ff
311.0, 193.0, 309.0, 196.0, 0x008000ff
310.0, 196.0, 311.0, 195.0, 0x008000ff
311.0, 196.0, 312.0, 195.0, 0x008000ff
312.0, 197.0, 313.0, 196.0, 0x008000ff
314.0, 196.0, 313.0, 198.0, 0x008000ff
314.0, 198.0, 315.0, 197.0, 0x008000ff
316.0, 197.0, 319.0, 203.0, 0x008000ff
320.0, 203.0, 321.0, 202.0, 0x008000ff
321.0, 204.0, 322.0, 203.0, 0x008000ff
322.0, 205.0, 323.0, 204.0, 0x008000ff
324.0, 205.0, 325.0, 204.0, 0x008000ff
325.0, 206.0, 326.0, 205.0, 0x008000ff
326.0, 207.0, 327.0, 206.0, 0x008000ff
328.0, 206.0, 327.0, 208.0, 0x008000ff
328.0, 208.0, 329.0, 207.0, 0x008000ff
329.0, 209.0, 330.0, 208.0, 0x008000ff
330.0, 209.0, 331.0, 208.0, 0x008000ff
331.0, 210.0, 332.0, 209.0, 0x008000ff
332.0, 211.0, 333.0, 210.0, 0x008000ff
333.0, 211.0, 334.0, 210.0, 0x008000ff
335.0, 210.0, 335.0, 213.0, 0x008000ff
336.0, 213.0, 337.0, 212.0, 0x008000ff
337.0, 213.0, 338.0, 212.0, 0x008000ff
338.0, 214.0, 339.0, 213.0, 0x008000ff
339.0, 214.0, 340.0, 213.0, 0x008000ff
340.0, 215.0, 341.0, 214.0, 0x008000ff
341.0, 216.0, 342.0, 215.0, 0x008000ff
342.0, 216.0, 343.0, 215.0, 0x008000ff
343.0, 217.0, 344.0, 216.0, 0x008000ff
344.0, 217.0, 345.0, 216.0, 0x008000ff
345.0, 218.0, 346.0, 217.0, 0x008000ff
346.0, 218.0, 347.0, 217.0, 0x008000ff
347.0, 219.0, 348.0, 218.0, 0x008000ff
348.0, 219.0, 349.0, 218.0, 0x008000ff
348.0, 220.0, 349.0, 219.0, 0x008000ff
349.0, 220.0, 350.0, 219.0, 0x008000ff
350.0, 221.0, 351.0, 220.0, 0x008000ff
351.0, 221.0, 352.0, 220.0, 0x008000ff
352.0, 222.0, 353.0, 221.0, 0x008000ff
353.0, 222.0, 354.0, 221.0, 0x008000ff
353.0, 223.0, 354.0, 222.0, 0x008000ff
354.0, 223.0, 355.0, 222.0, 0x008000ff
355.0, 223.0, 356.0, 222.0, 0x008000ff
355.0, 224.0, 356.0, 223.0, 0x008000ff
356.0, 224.0, 357.0, 223.0, 0x008000ff
357.0, 224.0, 358.0, 223.0, 0x008000ff
357.0, 225.0, 358.0, 224.0, 0x008000ff
358.0, 225.0, 359.0, 224.0, 0x008000ff
359.0, 225.0, 360.0, 224.0, 0x008000ff
359.0, 226.0, 360.0, 225.0, 0x008000ff
360.0, 226.0, 361.0, 225.0, 0x008000ff
362.0, 225.0, 361.0, 227.0, 0x008000ff
362.0, 227.0, 363.0, 226.0, 0x008000ff
363.0, 228.0, 364.0, 227.0, 0x008000ff
364.0, 228.0, 365.0, 227.0, 0x008000ff
364.0, 229.0, 365.0, 228.0, 0x008000ff
365.0, 229.0, 366.0, 228.0, 0x008000ff
366.0, 229.0, 367.0, 228.0, 0x008000ff
366.0, 230.0, 367.0, 229.0, 0x008000ff
367.0, 230.0, 368.0, 229.0, 0x008000ff
367.0, 231.0, 368.0, 230.0, 0x008000ff
368.0, 231.0, 369.0, 230.0, 0x008000ff
368.0, 232.0, 369.0, 231.0, 0x008000ff
368.0, 233.0, 369.0, 232.0, 0x008000ff
369.0, 233.0, 370.0, 232.0, 0x008000ff
369.0, 234.0, 370.0, 233.0, 0x008000ff
369.0, 235.0, 370.0, 234.0, 0x008000ff
370.0, 235.0, 371.0, 234.0, 0x008000ff
370.0, 236.0, 371.0, 235.0, 0x008000ff
371.0, 236.0, 372.0, 235.0, 0x008000ff
371.0, 237.0, 372.0, 236.0, 0x008000ff
373.0, 236.0, 371.0, 239.0, 0x008000ff
372.0, 239.0, 373.0, 238.0, 0x008000ff
372.0, 240.0, 373.0, 239.0, 0x008000ff
373.0, 240.0, 374.0, 239.0, 0x008000ff
373.0, 241.0, 374.0, 240.0, 0x008000ff
373.0, 242.0, 374.0, 241.0, 0x008000ff
374.0, 242.0, 375.0, 241.0, 0x008000ff
374.0, 243.0, 375.0, 242.0, 0x008000ff
374.0, 244.0, 375.0, 243.0, 0x008000ff
375.0, 244.0, 376.0, 243.0, 0x008000ff
375.0, 245.0, 376.0, 244.0, 0x008000ff
375.0, 246.0, 376.0, 245.0, 0x008000ff
376.0, 246.0, 377.0, 245.0, 0x008000ff
376.0, 247.0, 377.0, 246.0, 0x008000ff
376.0, 248.0, 377.0, 247.0, 0x008000ff
377.0, 248.0, 378.0, 247.0, 0x008000ff
377.0, 249.0, 378.0, 248.0, 0x008000ff
377.0, 250.0, 378.0, 249.0, 0x008000ff
378.0, 250.0, 379.0, 249.0, 0x008000ff
378.0, 251.0, 379.0, 250.0, 0x008000ff
378.0, 252.0, 379.0, 251.0, 0x008000ff
378.0, 253.0, 379.0, 252.0, 0x008000ff
378.0, 254.0, 379.0, 253.0, 0x008000ff
378.0, 255.0, 379.0, 254.0, 0x008000ff
378.0, 256.0, 379.0, 255.0, 0x008000ff
378.0, 257.0, 379.0, 256.0, 0x008000ff
377.0, 257.0, 378.0, 256.0, 0x008000ff
376.0, 258.0, 377.0, 257.0, 0x008000ff
376.0, 259.0, 377.0, 258.0, 0x008000ff
375.0, 259.0, 376.0, 258.0, 0x008000ff
374.0, 259.0, 375.0, 258.0, 0x008000ff
374.0, 260.0, 375.0, 259.0, 0x008000ff
373.0, 260.0, 374.0, 259.0, 0x008000ff
372.0, 260.0, 373.0, 259.0, 0x008000ff
371.0, 261.0, 372.0, 260.0, 0x008000ff
370.0, 261.0, 371.0, 260.0, 0x008000ff
369.0, 261.0, 370.0, 260.0, 0x008000ff
368.0, 261.0, 369.0, 260.0, 0x008000ff
367.0, 261.0, 368.0, 260.0, 0x008000ff
104.0, 69.0, 320.0, 64.0, 0x008000ff
115.0, 52.0, 340.0, 43.0, 0x000000ff
110.0, 86.0, 314.0, 77.0, 0xff0000ff
111.0, 65.0, 333.0, 53.0, 0x0000ffff
132.0, 231.0, 287.0, 231.0, 0x0000ffff
287.0, 231.0, 287.0, 329.0, 0x0000ffff
287.0, 329.0, 132.0, 329.0, 0x0000ffff
132.0, 329.0, 132.0, 231.0, 0x0000ffff
188.0, 195.0, 327.0, 195.0, 0x000000ff
327.0, 195.0, 327.0, 296.0, 0x000000ff
327.0, 296.0, 188.0, 296.0, 0x000000ff
188.0, 296.0, 188.0, 195.0, 0x000000ff
222.0, 162.0, 416.0, 162.0, 0xff0000ff
416.0, 162.0, 416.0, 273.0, 0xff0000ff
416.0, 273.0, 222.0, 273.0, 0xff0000ff
222.0, 273.0, 222.0, 162.0, 0xff0000ff
263.0, 108.0, 458.0, 108.0, 0x008000ff
458.0, 108.0, 458.0, 243.0, 0x008000ff
458.0, 243.0, 263.0, 243.0, 0x008000ff
263.0, 243.0, 263.0, 108.0, 0x008000ff
